28
109
34
6
65
30
-25
-149
-50
-14
85
68
-5
-2
-43
-12
50
71
36
13
-68
-110
-54
22
3
-37
-158
50
133
100
13
-31
-115
-21
48
58
17
25
-49
-22
-51
6
-44
-36
-80
47
-81
-17
-35
58
-47
2
-14
171
-3
-3
28
4
23
67
9
-20
61
14
-15
-36
33
40
31
-14
15
-10
-3
-92
-92
25
16
-6
-35
28
0
-2
-68
-1
43
-55
56
11
-20
-55
27
67
-6
-74
64
12
68
24
1
-62
39
-79
-31
-37
-37
-28
-22
4
2
-67
-39
34
-35
50
-50
27
-91
-15
24
41
-12
29
56
27
2
-3
-16
-44
59
35
9
-48
23
41
-31
-4
-41
100
-27
-26
18
38
75
-15
26
37
-37
13
25
6
18
-31
33
-23
-57
50
17
64
-9
29
80
-7
-18
-5
23
-5
23
-89
1
-14
-47
9
-74
50
41
11
49
80
-10
15
-40
32
56
-25
-12
-19
-21
6
8
-53
-42
-35
26
27
5
-94
15
62
7
44
-24
-27
52
37
-86
44
34
-31
17
-36
-35
-112
-9
-95
-73
-6
157
-108
35
-94
4
-10
147
138
27
-15
-9
-47
-16
53
61
24
-96
37
58
127
-14
-31
24
18
23
45
-22
65
58
91
67
54
93
65
55
37
61
23
186
-28
